{
    "dataset": "feynman_test_15",
    "algorithm": "RILSROLSRegressor",
    "params": {
        "complexity_penalty": 0.001,
        "error_tolerance": 1e-16,
        "max_fit_calls": 1000000,
        "max_seconds": 7200,
        "random_state": 29910
    },
    "random_state": 29910,
    "process_time": 2265.578125,
    "time_time": 2265.81867146492,
    "target_noise": 0.0,
    "feature_noise": 0.0,
    "true_model": "omega*sqrt(1 - v**2/c**2)/(1 + v*cos(theta)/c)",
    "model_size": 32,
    "symbolic_model": "-1.00302747*x0*x1*x2*cos(x3)/(x0 + cos(x3))**2 + 0.9999336*x2 - 1.08412359*x1*x2/x0**2",
    "mse_train": 0.0008547931124072738,
    "mae_train": 0.013896296897434298,
    "r2_train": 0.9994696219748517,
    "mse_test": 0.000786037244952919,
    "mae_test": 0.013875468469756286,
    "r2_test": 0.999503144653154,
    "simplified_symbolic_model": "-1.0*c*omega*v*cos(theta)/(c + cos(theta))**2 + 1.0*omega - 1.08*omega*v/c**2",
    "simplified_complexity": 24
}