{
    "dataset": "feynman_test_3",
    "algorithm": "RILSROLSRegressor",
    "params": {
        "complexity_penalty": 0.001,
        "error_tolerance": 1e-16,
        "max_fit_calls": 1000000,
        "max_seconds": 7200,
        "random_state": 16850
    },
    "random_state": 16850,
    "process_time": 2964.265625,
    "time_time": 2965.5147070884705,
    "target_noise": 0.1,
    "feature_noise": 0.0,
    "true_model": "d*(1 - alpha**2)/(alpha*cos(theta1 - theta2) + 1)",
    "model_size": 36,
    "symbolic_model": "-1.04029368*x0*x1 + 3.45914698*x1*x2*x3 - 0.86868925*x1*(x2 + x3)**2 + 4.65724748 - 6.678946/(x0*x1)",
    "mse_train": 0.3164624559050058,
    "mae_train": 0.4500090677118647,
    "r2_train": 0.9113472088530538,
    "mse_test": 0.09530416399005817,
    "mae_test": 0.2545304578656415,
    "r2_test": 0.9718994704641152,
    "simplified_symbolic_model": "-1.04*alpha*d + 3.46*alpha*theta1*theta2 - 0.869*alpha*(theta1 + theta2)**2 + 4.66 - 6.68/(alpha*d)",
    "simplified_complexity": 27
}