{
    "dataset": "feynman_test_9",
    "algorithm": "RILSROLSRegressor",
    "params": {
        "complexity_penalty": 0.001,
        "error_tolerance": 1e-16,
        "max_fit_calls": 1000000,
        "max_seconds": 7200,
        "random_state": 29910
    },
    "random_state": 29910,
    "process_time": 7197.515625,
    "time_time": 7239.303984165192,
    "target_noise": 0.001,
    "feature_noise": 0.0,
    "true_model": "-32*G**4*m1**2*m2**2*(m1 + m2)/(5*c**5*r**5)",
    "model_size": 254,
    "symbolic_model": "-53.86584322*x0**4*(0.5 - cos(x2 + x3))**3/(x1**4*x4**4) - 53.24706129*x0**4*x2**2*x3**2/(x1**5*x4**4) + 96.14783595*x0**4*x2**2*log(x3)**2/(x1**5*x4**3) + 6.15194568*x0**4*x3**2*(0.5 - cos(x2))**3/(x1**5*x4**4) - 129.46337794*x0**4/x1**5 - 216.04724809*x0**4/(x1**5*(0.5 - x4)) - 2.6447023*x0*x3**4*(x1 - x2)**2/x4**8 + 1.17072401*x0*(x1 + x2**2 - x2)**2/x1**8 + 1.75128422*x1*x3**4*(x1 - x2)**2/x4**8 + 26.57615427*x2*x3/log(x2*x3) - 4.46022104*x3*(x0 - x2)**2 + 3.52302842*x3*(x1 - x2)**2 - 91.63079316 + 27.8713795/x3 - 0.11027356*x2**7*sin(log(x3 - 0.5)**3)**2/(x1**10*x4**3)",
    "mse_train": 757026.8241728678,
    "mae_train": 120.24959665383028,
    "r2_train": 0.9828254354183221,
    "mse_test": 954785.4274016803,
    "mae_test": 123.32553547672212,
    "r2_test": 0.9799558583132996,
    "simplified_symbolic_model": "53.9*G**4*(cos(m1 + m2) - 0.5)**3/(c**4*r**4) - 53.3*G**4*m1**2*m2**2/(c**5*r**4) + 96.1*G**4*m1**2*log(m2)**2/(c**5*r**3) - 6.15*G**4*m2**2*(cos(m1) - 0.5)**3/(c**5*r**4) - 129.0*G**4/c**5 + 216.0*G**4/(c**5*(r - 0.5)) - 2.65*G*m2**4*(c - m1)**2/r**8 + 1.17*G*(c + m1**2 - m1)**2/c**8 + 1.75*c*m2**4*(c - m1)**2/r**8 + 26.6*m1*m2/log(m1*m2) - 4.46*m2*(G - m1)**2 + 3.52*m2*(c - m1)**2 - 91.6 + 27.9/m2 - 0.11*m1**7*sin(log(m2 - 0.5)**3)**2/(c**10*r**3)",
    "simplified_complexity": 200,
    "symbolic_error": "-53.9*G**4*(cos(m1 + m2) - 0.5)**3/(c**4*r**4) + 53.1*G**4*m1**2*m2**2/(c**5*r**4) - 32*G**4*m1**2*m2**2*(m1 + m2)/(5*c**5*r**5) - 96.1*G**4*m1**2*log(m2)**2/(c**5*r**3) + 6.15*G**4*m2**2*(cos(m1) - 0.5)**3/(c**5*r**4) + 130.0*G**4/c**5 - 216.0*G**4/(c**5*(r - 0.5)) + 2.63*G*m2**4*(c - m1)**2/r**8 - 1.17*G*(c + m1**2 - m1)**2/c**8 - 1.75*c*m2**4*(c - m1)**2/r**8 - 26.6*m1*m2/log(m1*m2) + 4.46*m2*(G - m1)**2 - 3.52*m2*(c - m1)**2 + 91.6 - 27.9/m2 + 0.11*m1**7*sin(log(m2 - 0.5)**3)**2/(c**10*r**3)",
    "symbolic_fraction": "-5*c**5*r**5*(53.9*G**4*(cos(m1 + m2) - 0.5)**3/(c**4*r**4) - 53.1*G**4*m1**2*m2**2/(c**5*r**4) + 96.1*G**4*m1**2*log(m2)**2/(c**5*r**3) - 6.15*G**4*m2**2*(cos(m1) - 0.5)**3/(c**5*r**4) - 130.0*G**4/c**5 + 216.0*G**4/(c**5*(r - 0.5)) - 2.63*G*m2**4*(c - m1)**2/r**8 + 1.17*G*(c + m1**2 - m1)**2/c**8 + 1.75*c*m2**4*(c - m1)**2/r**8 + 26.6*m1*m2/log(m1*m2) - 4.46*m2*(G - m1)**2 + 3.52*m2*(c - m1)**2 - 91.6 + 27.9/m2 - 0.11*m1**7*sin(log(m2 - 0.5)**3)**2/(c**10*r**3))/(32*G**4*m1**2*m2**2*(m1 + m2))",
    "symbolic_error_is_zero": false,
    "symbolic_error_is_constant": false,
    "symbolic_fraction_is_constant": false
}