{
    "dataset": "feynman_test_9",
    "algorithm": "RILSROLSRegressor",
    "params": {
        "complexity_penalty": 0.001,
        "error_tolerance": 1e-16,
        "max_fit_calls": 1000000,
        "max_seconds": 7200,
        "random_state": 23654
    },
    "random_state": 23654,
    "process_time": 7135.234375,
    "time_time": 7224.838234424591,
    "target_noise": 0.001,
    "feature_noise": 0.0,
    "true_model": "-32*G**4*m1**2*m2**2*(m1 + m2)/(5*c**5*r**5)",
    "model_size": 206,
    "symbolic_model": "-1.32686885*x0**4*(-x1**2 - 0.90909091*x1 + 0.90909091*x2*x3 + 0.45454545)**2 + 11.78948551*x0**4*(-0.83333333*x1**2 - x1 + 0.83333333*x2*x3)**2/(x1**2*x4) - 11.95160731*x0**4*x2*x3*(-x1 + 0.1*x2*x3 + 0.5 - 0.1*x1**2/x0**2)**2/(x1**4*sin(x4)**4) - 61.74790431*x0**4*(-x1**2 - x1 + x2*x3 + 0.5)**2/(x1**4*x4**4) - 203.27987442*x0/x4**5 - 27.92472291*x0*(-x1**3 - x1 + x2**0.5*x3 + 0.5)**2*sin(1.07237357*x0**200*x2 + x2*x4**2)/(x1**4*x4**4) + 53.64515124*x1 - 55.72516814 + 84.12006574*x2/(x1**4*x4**3)",
    "mse_train": 159862.75521950846,
    "mae_train": 108.41372993857772,
    "r2_train": 0.9962921932406489,
    "mse_test": 280950.44256476185,
    "mae_test": 116.98073690049985,
    "r2_test": 0.9940078861616748,
    "simplified_symbolic_model": "-1.33*G**4*(c**2 + 0.909*c - 0.909*m1*m2 - 0.455)**2 + 11.8*G**4*(0.833*c**2 + c - 0.833*m1*m2)**2/(c**2*r) - 12.0*G**4*m1*m2*(c - 0.1*m1*m2 - 0.5 + 0.1*c**2/G**2)**2/(c**4*sin(r)**4) - 61.8*G**4*(c**2 + c - m1*m2 - 0.5)**2/(c**4*r**4) - 203.0*G/r**5 - 27.9*G*(c**3 + c - m1**0.5*m2 - 0.5)**2*sin(1.07*G**200*m1 + m1*r**2)/(c**4*r**4) + 53.6*c - 55.7 + 84.1*m1/(c**4*r**3)",
    "simplified_complexity": 153
}