{
    "dataset": "feynman_test_9",
    "algorithm": "RILSROLSRegressor",
    "params": {
        "complexity_penalty": 0.001,
        "error_tolerance": 1e-16,
        "max_fit_calls": 1000000,
        "max_seconds": 7200,
        "random_state": 23654
    },
    "random_state": 23654,
    "process_time": 7227.75,
    "time_time": 7227.971529722214,
    "target_noise": 0.0,
    "feature_noise": 0.0,
    "true_model": "-32*G**4*m1**2*m2**2*(m1 + m2)/(5*c**5*r**5)",
    "model_size": 305,
    "symbolic_model": "-2.03510111*x0**4/x4**5 - 10.22984355*x0**4*(-0.5*x1**2 - x1 + x2*x3 + x3 - x4)**2/(x1**4*x4**4) + 12.20216356*x0**4*(x1**2/x4 - x1*x3 + x1/x4 + x2*x3 - x4 + 1/x4)**2/(x1**4*x4**5) - 0.16644622*x0**4*x2**5*x3/(x1**5*x4**5) - 2.45699928*x0**4*x2*(x1**2/x4 - 0.5*x1*x3 + x1 + x2*x3)**2/(x1**5*x4**5) + 2.40941918*x0**4*x3*(x1**2/x4 - x1*x3 + x1 + x2*x3 - x4 + 1)**2/(x1**5*x4**4) - 14.19488111*x0**4*x3*(x1**2/x4 - x1*x3 + x1 + x2*x3 - x4 + 1)**2/(x1**5*x4**5) - 0.00815676*x0**4*(x1*x3 + 2)**x3/(x1**5*x4**5) + 0.67725813*x2*x3 - 4.81175605 - 0.32054567*(x0*x2/x4 + x1**2 + x1 + 1)**4*sin(x0**4*x2)/(x1**32*x4**8)",
    "mse_train": 2788.7943599590826,
    "mae_train": 16.505082192362995,
    "r2_train": 0.9999353159880188,
    "mse_test": 3650.3039356840636,
    "mae_test": 17.45666924801006,
    "r2_test": 0.9999221462812892,
    "simplified_symbolic_model": "(-2.04*G**4*c**32*r**7 - 10.2*G**4*c**28*r**8*(0.5*c**2 + c - m1*m2 - m2 + r)**2 + 12.2*G**4*c**28*r**5*(c**2 + c + r*(-c*m2 + m1*m2 - r) + 1)**2 + 2.41*G**4*c**27*m2*r**6*(c**2 + r*(-c*m2 + c + m1*m2 - r + 1))**2 - G**4*c**27*r**7*(0.166*m1**5*m2 + 0.00806*(c*m2 + 2)**m2) - G**4*c**27*r**5*(2.46*m1*(c**2 + r*(-0.5*c*m2 + c + m1*m2))**2 + 14.2*m2*(c**2 + r*(-c*m2 + c + m1*m2 - r + 1))**2) + c**32*r**12*(0.677*m1*m2 - 4.81) - 0.321*(G*m1 + r*(c**2 + c + 1))**4*sin(G**4*m1))/(c**32*r**12)",
    "simplified_complexity": 230,
    "symbolic_error": "(10.2*G**4*c**32*r**7 + 51.0*G**4*c**28*r**8*(0.5*c**2 + c - m1*m2 - m2 + r)**2 - 61.0*G**4*c**28*r**5*(c**2 + c - r*(c*m2 - m1*m2 + r) + 1)**2 - 32*G**4*c**27*m1**2*m2**2*r**7*(m1 + m2) - 11.9*G**4*c**27*m2*r**6*(c**2 + r*(-c*m2 + c + m1*m2 - r + 1))**2 + G**4*c**27*r**7*(0.83*m1**5*m2 + 0.04*(c*m2 + 2)**m2) + G**4*c**27*r**5*(12.3*m1*(c**2 + r*(-0.5*c*m2 + c + m1*m2))**2 + 71.0*m2*(c**2 + r*(-c*m2 + c + m1*m2 - r + 1))**2) + c**32*r**12*(-3.37*m1*m2 + 23.9) + 1.59*(G*m1 + r*(c**2 + c + 1))**4*sin(G**4*m1))/(5*c**32*r**12)",
    "symbolic_fraction": "-5*(-2.04*G**4*c**32*r**7 - 10.2*G**4*c**28*r**8*(0.5*c**2 + c - m1*m2 - m2 + r)**2 + 12.2*G**4*c**28*r**5*(c**2 + c + r*(-c*m2 + m1*m2 - r) + 1)**2 + 2.41*G**4*c**27*m2*r**6*(c**2 + r*(-c*m2 + c + m1*m2 - r + 1))**2 - G**4*c**27*r**7*(0.166*m1**5*m2 + 0.00806*(c*m2 + 2)**m2) - G**4*c**27*r**5*(2.46*m1*(c**2 + r*(-0.5*c*m2 + c + m1*m2))**2 + 14.2*m2*(c**2 + r*(-c*m2 + c + m1*m2 - r + 1))**2) + c**32*r**12*(0.677*m1*m2 - 4.81) - 0.321*(G*m1 + r*(c**2 + c + 1))**4*sin(G**4*m1))/(32*G**4*c**27*m1**2*m2**2*r**7*(m1 + m2))",
    "symbolic_error_is_zero": false,
    "symbolic_error_is_constant": false,
    "symbolic_fraction_is_constant": false
}