{
    "dataset": "feynman_test_9",
    "algorithm": "RILSROLSRegressor",
    "params": {
        "complexity_penalty": 0.001,
        "error_tolerance": 1e-16,
        "max_fit_calls": 1000000,
        "max_seconds": 7200,
        "random_state": 5390
    },
    "random_state": 5390,
    "process_time": 7158.078125,
    "time_time": 7239.115547180176,
    "target_noise": 0.01,
    "feature_noise": 0.0,
    "true_model": "-32*G**4*m1**2*m2**2*(m1 + m2)/(5*c**5*r**5)",
    "model_size": 248,
    "symbolic_model": "-0.57883531*x0**5*x3**5/(x1**4*(-x4 - 1)**3) + 15.18566149*x0**5*(0.5*x2 + 1)**4*log(x3)**2/(x1**4*x4**3) - 0.2967813*x0**4*x1*x4*(0.66666667*x2 - 0.66666667*x4 + 1)**4 - 15.82535545*x0**4*x1*(0.5*x2 - x4 + 1)**4 + 6.59245677*x0**4*x3*(0.5*x2 - x4 + 1)**4 + 4.90072525*x0**4*(0.5*x2 + 1)**4/x4**4 - 12.36942233*x0**4*x3**2*(0.5*x2 + 1)**4/(x1**4*x4**4) + 86.76409941*x0*x4*(0.5*x2 - x4 + 1)**4 - 52.08780012*x1*x4*(0.5*x2 - x4 + 1)**4 - 188.55851371*x4 + 1.96955272*(0.5*x2 + 1)**4*log(x3)**2 - 1141.82803823*sin(x1) + 1389.19686626 + 4.67578926*x4**2*(1 - x0)**5*(0.5*x2 + 1)**4*log(x3)**2/x1**6",
    "mse_train": 512222.4268828221,
    "mae_train": 190.8220137254507,
    "r2_train": 0.9893863915583432,
    "mse_test": 341163.73180256586,
    "mae_test": 169.38729858092412,
    "r2_test": 0.9913531659247827,
    "simplified_symbolic_model": "0.579*G**5*m2**5/(c**4*(r + 1)**3) + 15.2*G**5*(0.5*m1 + 1)**4*log(m2)**2/(c**4*r**3) - 0.297*G**4*c*r*(0.667*m1 - 0.667*r + 1)**4 - 15.8*G**4*c*(0.5*m1 - r + 1)**4 + 6.59*G**4*m2*(0.5*m1 - r + 1)**4 + 4.9*G**4*(0.5*m1 + 1)**4/r**4 - 12.4*G**4*m2**2*(0.5*m1 + 1)**4/(c**4*r**4) + 86.8*G*r*(0.5*m1 - r + 1)**4 - 52.1*c*r*(0.5*m1 - r + 1)**4 - 189.0*r + 1.97*(0.5*m1 + 1)**4*log(m2)**2 - 1.14e+3*sin(c) + 1.39e+3 - 4.68*r**2*(G - 1)**5*(0.5*m1 + 1)**4*log(m2)**2/c**6",
    "simplified_complexity": 197,
    "symbolic_error": "-0.579*G**5*m2**5/(c**4*(r + 1)**3) - 15.2*G**5*(0.5*m1 + 1)**4*log(m2)**2/(c**4*r**3) + 0.297*G**4*c*r*(0.667*m1 - 0.667*r + 1)**4 + 15.8*G**4*c*(0.5*m1 - r + 1)**4 - 6.59*G**4*m2*(0.5*m1 - r + 1)**4 - 4.9*G**4*(0.5*m1 + 1)**4/r**4 + 12.4*G**4*m2**2*(0.5*m1 + 1)**4/(c**4*r**4) - 32*G**4*m1**2*m2**2*(m1 + m2)/(5*c**5*r**5) - 86.8*G*r*(0.5*m1 - r + 1)**4 + 52.1*c*r*(0.5*m1 - r + 1)**4 + 189.0*r - 1.97*(0.5*m1 + 1)**4*log(m2)**2 + 1.14e+3*sin(c) - 1.39e+3 + 4.68*r**2*(G - 1)**5*(0.5*m1 + 1)**4*log(m2)**2/c**6",
    "symbolic_fraction": "-5*c**5*r**5*(0.579*G**5*m2**5/(c**4*(r + 1)**3) + 15.2*G**5*(0.5*m1 + 1)**4*log(m2)**2/(c**4*r**3) - 0.297*G**4*c*r*(0.667*m1 - 0.667*r + 1)**4 - 15.8*G**4*c*(0.5*m1 - r + 1)**4 + 6.59*G**4*m2*(0.5*m1 - r + 1)**4 + 4.9*G**4*(0.5*m1 + 1)**4/r**4 - 12.4*G**4*m2**2*(0.5*m1 + 1)**4/(c**4*r**4) + 86.8*G*r*(0.5*m1 - r + 1)**4 - 52.1*c*r*(0.5*m1 - r + 1)**4 - 189.0*r + 1.97*(0.5*m1 + 1)**4*log(m2)**2 - 1.14e+3*sin(c) + 1.39e+3 - 4.68*r**2*(G - 1)**5*(0.5*m1 + 1)**4*log(m2)**2/c**6)/(32*G**4*m1**2*m2**2*(m1 + m2))",
    "symbolic_error_is_zero": false,
    "symbolic_error_is_constant": false,
    "symbolic_fraction_is_constant": false
}