{
    "dataset": "feynman_test_9",
    "algorithm": "RILSROLSRegressor",
    "params": {
        "complexity_penalty": 0.001,
        "error_tolerance": 1e-16,
        "max_fit_calls": 1000000,
        "max_seconds": 7200,
        "random_state": 5390
    },
    "random_state": 5390,
    "process_time": 7211.90625,
    "time_time": 7212.0319538116455,
    "target_noise": 0.0,
    "feature_noise": 0.0,
    "true_model": "-32*G**4*m1**2*m2**2*(m1 + m2)/(5*c**5*r**5)",
    "model_size": 206,
    "symbolic_model": "3.58451339*3.14159265**(x0*x3)/(4**(x0*x4)*x1**(x0*x4)) - 67.88929219*x0**3/x1**4 - 11.9745405*x0**3*(-x2 - x3 + x4 + 0.5)**4/(x1**4*x4**4) - 4.15e-6*x1*x2*(x3 + log(x2/x1) + sin(x3) + 1)**8*exp(1.13118602*x2)/x4**8 + 2.96e-6*x2*(x3 + log(x2/x1) + sin(x3) + 1)**8*exp(x0)*exp(1.13118602*x2)*sin(x4**(-8)) + 0.39893873*x3*(x3 + sin(x0*x4 + x0/x4 - x1*x4) + x2/x1)**4/x4**4 - 0.28996722*x3*(x3 + log(x2/x1) + 1 + sin(x1/(-x2 + x3))/(x2 - 0.5))**4/x4**4 + 0.59331836*exp(1.13118602*x2)",
    "mse_train": 1529694.725520185,
    "mae_train": 189.53957020073355,
    "r2_train": 0.9683127834041695,
    "mse_test": 842401.6527486226,
    "mae_test": 190.97732849057655,
    "r2_test": 0.9786492330895784,
    "simplified_symbolic_model": "3.58*3.14**(G*m2)/(4**(G*r)*c**(G*r)) - 67.9*G**3/c**4 - 12.0*G**3*(m1 + m2 - r - 0.5)**4/(c**4*r**4) + 0.399*m2*(m2 + sin(G*r + G/r - c*r) + m1/c)**4/r**4 - 0.29*m2*(m2 + log(m1/c) + 1 - sin(c/(m1 - m2))/(m1 - 0.5))**4/r**4 + 0.593*exp(1.13*m1)",
    "simplified_complexity": 117
}