{
    "dataset": "feynman_test_9",
    "algorithm": "RILSROLSRegressor",
    "params": {
        "complexity_penalty": 0.001,
        "error_tolerance": 1e-16,
        "max_fit_calls": 1000000,
        "max_seconds": 7200,
        "random_state": 15795
    },
    "random_state": 15795,
    "process_time": 7291.296875,
    "time_time": 7291.534825801849,
    "target_noise": 0.0,
    "feature_noise": 0.0,
    "true_model": "-32*G**4*m1**2*m2**2*(m1 + m2)/(5*c**5*r**5)",
    "model_size": 308,
    "symbolic_model": "0.00395708*2**x3*x0*x2**4*x3*x4**(x4 - 2)/x1**3 + 1.0e-8*x0**41*x2**2*x3**3/(x1**2*x4**2*(x1 + x2/x0**10)) - 1.0e-8*x0**41*x2**2*x3**3/(x1**3*x4**2) + 0.99947702*x0**3*x2**4*x3/(x1**4*x4**2) - 70.93642248*x0**3*x2**2*x3**2/(x1**5*x4**4) - 3.6760491*x0*x2**2*(x3 - x4)**3/(x1**2*x4**2*(x1 + x2/x0**10)) - 57.15889903*x0*x2**3*x3/(x1**3*x4**2) + 211.74326974*x0*x2**2*x3/(x1**3*x4**2) + 1.47461835*x0*x2**4*x3**2/(x1**5*x4**3) - 1.47461835*x0*x2**4/(x1**5*x4**2) + 11.9290837*x0*x2**2*x3*sin(x0**36*x1)/(x1**13*x4**3) + 3.45072362*x0*x2**4*x3*sin(2**(x1*x4 + x3)*x0**36)/(x1**23*x4**5) - 97.03609002 + 376.12905783*(x0*x3*(1 - 0.5*x2)**4/x1**4)**0.5/x4",
    "mse_train": 4930225.751125591,
    "mae_train": 381.0115538845344,
    "r2_train": 0.9111299383126237,
    "mse_test": 3706385.7099101795,
    "mae_test": 354.9572422707547,
    "r2_test": 0.917602120560369,
    "simplified_symbolic_model": "0.00403*2**m2*G*m1**4*m2*r**(r - 2)/c**3 + 0.999*G**3*m1**4*m2/(c**4*r**2) - 70.9*G**3*m1**2*m2**2/(c**5*r**4) - 3.68*G*m1**2*(m2 - r)**3/(c**2*r**2*(c + m1/G**10)) - 57.2*G*m1**3*m2/(c**3*r**2) + 212.0*G*m1**2*m2/(c**3*r**2) + 1.48*G*m1**4*m2**2/(c**5*r**3) - 1.48*G*m1**4/(c**5*r**2) + 11.9*G*m1**2*m2*sin(G**36*c)/(c**13*r**3) + 3.45*G*m1**4*m2*sin(2**(c*r + m2)*G**36)/(c**23*r**5) - 97.0 + 376.0*(G*m2*(0.5*m1 - 1)**4/c**4)**0.5/r",
    "simplified_complexity": 197,
    "symbolic_error": "-0.00403*2**m2*G*m1**4*m2*r**(r - 2)/c**3 - 32*G**4*m1**2*m2**2*(m1 + m2)/(5*c**5*r**5) - 0.999*G**3*m1**4*m2/(c**4*r**2) + 70.9*G**3*m1**2*m2**2/(c**5*r**4) + 3.68*G*m1**2*(m2 - r)**3/(c**2*r**2*(c + m1/G**10)) + 57.2*G*m1**3*m2/(c**3*r**2) - 212.0*G*m1**2*m2/(c**3*r**2) - 1.48*G*m1**4*m2**2/(c**5*r**3) + 1.48*G*m1**4/(c**5*r**2) - 11.9*G*m1**2*m2*sin(G**36*c)/(c**13*r**3) - 3.45*G*m1**4*m2*sin(2**(c*r + m2)*G**36)/(c**23*r**5) + 97.0 - 376.0*(G*m2*(0.5*m1 - 1)**4/c**4)**0.5/r",
    "symbolic_fraction": "-5*c**5*r**5*(0.00403*2**m2*G*m1**4*m2*r**(r - 2)/c**3 + 0.999*G**3*m1**4*m2/(c**4*r**2) - 70.9*G**3*m1**2*m2**2/(c**5*r**4) - 3.68*G*m1**2*(m2 - r)**3/(c**2*r**2*(c + m1/G**10)) - 57.2*G*m1**3*m2/(c**3*r**2) + 212.0*G*m1**2*m2/(c**3*r**2) + 1.48*G*m1**4*m2**2/(c**5*r**3) - 1.48*G*m1**4/(c**5*r**2) + 11.9*G*m1**2*m2*sin(G**36*c)/(c**13*r**3) + 3.45*G*m1**4*m2*sin(2**(c*r + m2)*G**36)/(c**23*r**5) - 97.0 + 376.0*(G*m2*(0.5*m1 - 1)**4/c**4)**0.5/r)/(32*G**4*m1**2*m2**2*(m1 + m2))",
    "symbolic_error_is_zero": false,
    "symbolic_error_is_constant": false,
    "symbolic_fraction_is_constant": false
}