{
    "dataset": "feynman_test_9",
    "algorithm": "RILSROLSRegressor",
    "params": {
        "complexity_penalty": 0.001,
        "error_tolerance": 1e-16,
        "max_fit_calls": 1000000,
        "max_seconds": 7200,
        "random_state": 14423
    },
    "random_state": 14423,
    "process_time": 7214.109375,
    "time_time": 7214.382523775101,
    "target_noise": 0.001,
    "feature_noise": 0.0,
    "true_model": "-32*G**4*m1**2*m2**2*(m1 + m2)/(5*c**5*r**5)",
    "model_size": 377,
    "symbolic_model": "-0.0945226*x0**4*x2**2*(x0 + x3/x4 + 1/x3)**4/(x1**8*(x4 + 1)**2) - 0.07737603*x0**2*x2**2*(x0 + x3/x4 + 1/x3)**4*sin(0.95350794*x0**2*x2**2/x1**4)/(x1**4*(x4 + 1)**2) - 6.36636814*x0**2*x2**2*(x0 + x3/x4 + 1/x4)**4/(x1**4*(x4 + 1)**2) + 86.28981983*x0**2*x2**2/(x1**4*(x4 + 1)**2) + 9.32537243*x0**2*x2*(x0 + x3/x4 + 1/x3)**4/(x1**4*(x4 + 1)**2) - 9.36754209*x0**2*(x0 + x3/x4 + 1/x4)**4/(x1**4*(x4 + 1)**2) + 4.73910354*x0*(x0/x2 + x3/x4 + 1/(x2*x3))**4/(x1**3*(x4 + 1)**2) + 132.67448092*(0.4*log(x0**3*x2**2*(x0 + x3/x4)**4/(x1**4*(0.60653066*x4 + 1)**2) - 0.5*x2**2*(x0 + x3/x4)**4/(x1**4*(0.60653066*x4 + 1)**2)) - 1)**4 + 3.50108943*x2**2*(x0 + x3/x4 + 1/x3)**4/(x1**3*(x4 + 1)**2) - 5106.13554845/(x1**4*(x3*x4 + 1)**2) + 94.02732224*(x0 + log(x3/x4) + 1/x4)**4/(x1**4*(0.5*x3*x4 + 1)**2)",
    "mse_train": 301885.0227907226,
    "mae_train": 105.68165407247292,
    "r2_train": 0.9937080165079135,
    "mse_test": 549094.9839657532,
    "mae_test": 110.53728182156115,
    "r2_test": 0.9895007563571955,
    "simplified_symbolic_model": "-0.095*G**4*m1**2*(G + m2/r + 1/m2)**4/(c**8*(r + 1)**2) - 0.077*G**2*m1**2*(G + m2/r + 1/m2)**4*sin(0.954*G**2*m1**2/c**4)/(c**4*(r + 1)**2) - 6.37*G**2*m1**2*(G + m2/r + 1/r)**4/(c**4*(r + 1)**2) + 86.3*G**2*m1**2/(c**4*(r + 1)**2) + 9.32*G**2*m1*(G + m2/r + 1/m2)**4/(c**4*(r + 1)**2) - 9.37*G**2*(G + m2/r + 1/r)**4/(c**4*(r + 1)**2) + 4.74*G*(G/m1 + m2/r + 1/(m1*m2))**4/(c**3*(r + 1)**2) + 133.0*(0.4*log(G**3*m1**2*(G + m2/r)**4/(c**4*(0.607*r + 1)**2) - 0.5*m1**2*(G + m2/r)**4/(c**4*(0.607*r + 1)**2)) - 1)**4 + 3.5*m1**2*(G + m2/r + 1/m2)**4/(c**3*(r + 1)**2) - 5.11e+3/(c**4*(m2*r + 1)**2) + 94.0*(G + log(m2/r) + 1/r)**4/(c**4*(0.5*m2*r + 1)**2)",
    "simplified_complexity": 318
}