{
    "dataset": "feynman_test_6",
    "algorithm": "RILSROLSRegressor",
    "params": {
        "complexity_penalty": 0.001,
        "error_tolerance": 1e-16,
        "max_fit_calls": 1000000,
        "max_seconds": 7200,
        "random_state": 29910
    },
    "random_state": 29910,
    "process_time": 2739.125,
    "time_time": 2740.6315503120422,
    "target_noise": 0.01,
    "feature_noise": 0.0,
    "true_model": "sqrt(2*E_n*L**2*epsilon**2/(Z_1**2*Z_2**2*m*q**4) + 1)",
    "model_size": 37,
    "symbolic_model": "0.99946839 + 1.90237223*(x0/(x2/x6 + 0.5)**0.5 + x1 + log(x5)**0.5)**4/(x5**4*(x3 + x4 + 1)**4)",
    "mse_train": 0.01050471828747335,
    "mae_train": 0.04260431146179347,
    "r2_train": 0.9503610441055828,
    "mse_test": 0.009649191798885182,
    "mae_test": 0.03951561137382087,
    "r2_test": 0.9525001588718601,
    "simplified_symbolic_model": "0.999 + 1.9*(L + epsilon/(0.5 + m/E_n)**0.5 + log(q)**0.5)**4/(q**4*(Z_1 + Z_2 + 1)**4)",
    "simplified_complexity": 32
}