{
    "dataset": "feynman_test_6",
    "algorithm": "RILSROLSRegressor",
    "params": {
        "complexity_penalty": 0.001,
        "error_tolerance": 1e-16,
        "max_fit_calls": 1000000,
        "max_seconds": 7200,
        "random_state": 16850
    },
    "random_state": 16850,
    "process_time": 3223.65625,
    "time_time": 3223.9446568489075,
    "target_noise": 0.0,
    "feature_noise": 0.0,
    "true_model": "sqrt(2*E_n*L**2*epsilon**2/(Z_1**2*Z_2**2*m*q**4) + 1)",
    "model_size": 52,
    "symbolic_model": "56.24901033*2**x0*x1**2*x6*log(x0)/(x2*x4**2*(x0 + x3*x5 - 0.4*x3 + x5)**4) + 288.0960569*x0/(x3*exp(x5) + x5)**4 + 0.99431311",
    "mse_train": 0.018592588252304806,
    "mae_train": 0.043746087060276814,
    "r2_train": 0.9046905845047908,
    "mse_test": 0.022887557957045866,
    "mae_test": 0.04724395713607373,
    "r2_test": 0.892374844610858,
    "simplified_symbolic_model": "56.3*2**epsilon*E_n*L**2*log(epsilon)/(Z_2**2*m*(Z_1*q - 0.4*Z_1 + epsilon + q)**4) + 288.0*epsilon/(Z_1*exp(q) + q)**4 + 0.994",
    "simplified_complexity": 41
}