{
    "dataset": "feynman_test_12",
    "algorithm": "RILSROLSRegressor",
    "params": {
        "complexity_penalty": 0.001,
        "error_tolerance": 1e-16,
        "max_fit_calls": 1000000,
        "max_seconds": 7200,
        "random_state": 16850
    },
    "random_state": 16850,
    "process_time": 2564.09375,
    "time_time": 2577.4386777877808,
    "target_noise": 0.1,
    "feature_noise": 0.0,
    "true_model": "0.08*q*(12.6*Volt*d*epsilon - d*q*y**3/(-d**2 + y**2)**2)/(epsilon*y**2)",
    "model_size": 35,
    "symbolic_model": "1.00277453*x0*x2*x3/x1**2 + 1.49249026*x2*cos(2.2**x2 + 0.5*x1*x2)/(x1*x4)",
    "mse_train": 5.33599725763064,
    "mae_train": 1.8420335503435348,
    "r2_train": 0.9752715170102083,
    "mse_test": 0.7796071456391667,
    "mae_test": 0.635758068845872,
    "r2_test": 0.9963077861501964,
    "simplified_symbolic_model": "Volt*(1.0*d*epsilon*q + 1.49*y*cos(2.2**Volt + 0.5*Volt*y))/(epsilon*y**2)",
    "simplified_complexity": 26
}