{
    "dataset": "feynman_test_16",
    "algorithm": "RILSROLSRegressor",
    "params": {
        "complexity_penalty": 0.001,
        "error_tolerance": 1e-16,
        "max_fit_calls": 1000000,
        "max_seconds": 7200,
        "random_state": 14423
    },
    "random_state": 14423,
    "process_time": 5466.796875,
    "time_time": 7203.434027671814,
    "target_noise": 0.01,
    "feature_noise": 0.0,
    "true_model": "Volt*q + sqrt(c**4*m**2 + c**2*(-A_vec*q + p)**2)",
    "model_size": 79,
    "symbolic_model": "0.99380608*x0*x1**2 - 0.11973278*x1*x3*log(x2) + 0.4781034*x3**2*x4**2/(x0 + x2*x5**0.5/x1 + x3/x1 + 1/x1) + 1.0702051*x3*x5 - 0.0494295*(x3 - x4)**2 - 0.47168209 + 0.19249565*x3**2/x0",
    "mse_train": 1.9417315634345356,
    "mae_train": 0.9738814143282237,
    "r2_train": 0.9975897962933458,
    "mse_test": 1.4714641826802777,
    "mae_test": 0.834528633600625,
    "r2_test": 0.998196992868728,
    "simplified_symbolic_model": "0.478*A_vec**2*q**2/(Volt**0.5*p/c + m + q/c + 1/c) + 1.07*Volt*q + 0.994*c**2*m - 0.12*c*q*log(p) - 0.049*(A_vec - q)**2 - 0.472 + 0.192*q**2/m",
    "simplified_complexity": 63
}