{
    "dataset": "feynman_test_16",
    "algorithm": "RILSROLSRegressor",
    "params": {
        "complexity_penalty": 0.001,
        "error_tolerance": 1e-16,
        "max_fit_calls": 1000000,
        "max_seconds": 7200,
        "random_state": 860
    },
    "random_state": 860,
    "process_time": 7205.0,
    "time_time": 7207.492348432541,
    "target_noise": 0.001,
    "feature_noise": 0.0,
    "true_model": "Volt*q + sqrt(c**4*m**2 + c**2*(-A_vec*q + p)**2)",
    "model_size": 136,
    "symbolic_model": "0.99846352*x0*x1**2 + 0.9865505*x0 + 0.92264354*x1*x3*x4**2/(x0*x1**2/x3**2 + x1**2*x2**2/x3**4 + x1**2/(x3 + x4)**2 + x4 + 1 + (x0 + x2 - 1)**2/x3**2) + 0.45624184*x1 + 0.99935209*x3*x5 - 2.38544655*x3 + 3.44385148*x3/(x0*x2 + 1) + 1.43887653*x4/(x0/(x3 + 1) + 1/(x0*x1)) - 7.72673801 + 4.88443173/x4 + 1.88419543*x3/x1",
    "mse_train": 0.4789794225671285,
    "mae_train": 0.4995585081981887,
    "r2_train": 0.9993862421161694,
    "mse_test": 0.4740552996139953,
    "mae_test": 0.49910583334937525,
    "r2_test": 0.9994134860124751,
    "simplified_symbolic_model": "0.923*A_vec**2*c*q/(A_vec + c**2*m/q**2 + c**2*p**2/q**4 + c**2/(A_vec + q)**2 + 1 + (m + p - 1)**2/q**2) + 1.44*A_vec/(m/(q + 1) + 1/(c*m)) + 0.999*Volt*q + 0.998*c**2*m + 0.456*c + 0.987*m - 2.38*q + 3.44*q/(m*p + 1) - 7.73 + 1.88*q/c + 4.88/A_vec",
    "simplified_complexity": 111
}