{
    "dataset": "feynman_test_16",
    "algorithm": "RILSROLSRegressor",
    "params": {
        "complexity_penalty": 0.001,
        "error_tolerance": 1e-16,
        "max_fit_calls": 1000000,
        "max_seconds": 7200,
        "random_state": 4426
    },
    "random_state": 4426,
    "process_time": 4443.015625,
    "time_time": 4443.300795793533,
    "target_noise": 0.0,
    "feature_noise": 0.0,
    "true_model": "Volt*q + sqrt(c**4*m**2 + c**2*(-A_vec*q + p)**2)",
    "model_size": 98,
    "symbolic_model": "0.97715783*x0*x1**2 - 0.09257373*x0*x4 + 0.40253594*x0*log(x1)*sin((x3*x4 + 1)**0.5) - 0.09257373*x1*x4 + 0.8221495*x2**2/(x3*x4**2) - 0.99955781*x2 + 0.33015003*x3**2*x4**2*log(x1)/(1.41421356*x0 + x2 + x2**(-10)) + 1.10110171*x3*x4 + 0.98613808*x3*x5 - 1.85439948*log(x3) - 0.73052278",
    "mse_train": 1.4156200447850027,
    "mae_train": 0.6061464044645718,
    "r2_train": 0.9982676001258788,
    "mse_test": 1.3439176589249067,
    "mae_test": 0.5956394569129057,
    "r2_test": 0.9983419659171826,
    "simplified_symbolic_model": "0.33*A_vec**2*q**2*log(c)/(1.41*m + p + p**(-10)) - 0.093*A_vec*c - 0.093*A_vec*m + 1.1*A_vec*q + 0.986*Volt*q + 0.977*c**2*m + 0.403*m*log(c)*sin((A_vec*q + 1)**0.5) - 1.0*p - 1.85*log(q) - 0.731 + 0.822*p**2/(A_vec**2*q)",
    "simplified_complexity": 75
}