{
    "dataset": "feynman_test_10",
    "algorithm": "RILSROLSRegressor",
    "params": {
        "complexity_penalty": 0.001,
        "error_tolerance": 1e-16,
        "max_fit_calls": 1000000,
        "max_seconds": 7200,
        "random_state": 4426
    },
    "random_state": 4426,
    "process_time": 2149.453125,
    "time_time": 2149.487509727478,
    "target_noise": 0.0,
    "feature_noise": 0.0,
    "true_model": "arccos((cos(theta2) - v/c)/(1 - v*cos(theta2)/c))",
    "model_size": 24,
    "symbolic_model": "2.85414266*x1*sin(x2)/(x0*x2 + x0) + 12.56066199*log(x2 + 10) - 29.20860112",
    "mse_train": 4.693172428147303e-05,
    "mae_train": 0.0039073500879622525,
    "r2_train": 0.999796418218124,
    "mse_test": 4.642690066224506e-05,
    "mae_test": 0.00392778562584481,
    "r2_test": 0.9997966891678762,
    "simplified_symbolic_model": "2.85*v*sin(theta2)/(c*theta2 + c) + 12.6*log(theta2 + 10) - 29.2",
    "simplified_complexity": 20
}