{
    "dataset": "feynman_test_19",
    "algorithm": "RILSROLSRegressor",
    "params": {
        "complexity_penalty": 0.001,
        "error_tolerance": 1e-16,
        "max_fit_calls": 1000000,
        "max_seconds": 7200,
        "random_state": 21962
    },
    "random_state": 21962,
    "process_time": 4144.40625,
    "time_time": 4154.393435955048,
    "target_noise": 0.1,
    "feature_noise": 0.0,
    "true_model": "-0.04*(H_G**2*c**2*(1 - 2*alpha) + c**4*k_f/r**2)/G",
    "model_size": 76,
    "symbolic_model": "-0.0030825*x1**2*x5**6*sin(1/(x2*(x0 + x3)))**2 + 0.08567023*x3**2*x4*x5**2*sin(1/x0) - 0.05272715*x3**2*x5**2*sin(1/x0) - 0.20430418*x4*sin(2*x2*x3) - 0.1250236*x5**3/x2**3",
    "mse_train": 4.075026774097194,
    "mae_train": 1.3894446726093166,
    "r2_train": 0.9714832018367112,
    "mse_test": 2.000892932125304,
    "mae_test": 0.7197158589249258,
    "r2_test": 0.9852352657007413,
    "simplified_symbolic_model": "0.0861*H_G**2*alpha*c**2*sin(1/G) - 0.053*H_G**2*c**2*sin(1/G) - 0.204*alpha*sin(2*H_G*r) - 0.00299*c**6*k_f**2*sin(1/(r*(G + H_G)))**2 - 0.125*c**3/r**3",
    "simplified_complexity": 62
}