{
    "dataset": "feynman_test_11",
    "algorithm": "RILSROLSRegressor",
    "params": {
        "complexity_penalty": 0.001,
        "error_tolerance": 1e-16,
        "max_fit_calls": 1000000,
        "max_seconds": 7200,
        "random_state": 4426
    },
    "random_state": 4426,
    "process_time": 4803.9375,
    "time_time": 5655.12401509285,
    "target_noise": 0.01,
    "feature_noise": 0.0,
    "true_model": "4*I_0*sin(alpha/2)**2*sin(delta*n/2)**2/(alpha**2*sin(delta/2)**2)",
    "model_size": 27,
    "symbolic_model": "x0*(0.19861799*x1*x2 - 0.71615245*x1 - 0.3996477*x2*x3**2 - 2.63399859*cos(x3) + 3.5867119)",
    "mse_train": 0.015463011004109274,
    "mae_train": 0.08511351733733606,
    "r2_train": 0.9858184215997977,
    "mse_test": 0.014754351060281582,
    "mae_test": 0.08183628127199351,
    "r2_test": 0.9863196958178974,
    "simplified_symbolic_model": "I_0*(0.199*alpha*delta - 0.716*alpha - 0.4*delta*n**2 - 2.63*cos(n) + 3.59)",
    "simplified_complexity": 21
}