{
    "dataset": "feynman_test_15",
    "algorithm": "RILSROLSRegressor",
    "params": {
        "complexity_penalty": 0.001,
        "error_tolerance": 1e-16,
        "fitness_type": "FitnessType.BIC",
        "initial_sample_size": 0.01,
        "max_fit_calls": 1000000,
        "max_seconds": 7200,
        "random_perturbations_order": false,
        "random_state": 29910,
        "verbose": false
    },
    "random_state": 29910,
    "process_time": 2625.953125,
    "time_time": 2626.2245075702667,
    "target_noise": 0.0,
    "feature_noise": 0.0,
    "true_model": "omega*sqrt(1 - v**2/c**2)/(1 + v*cos(theta)/c)",
    "model_size": 38,
    "symbolic_model": "0.95985379*x1*x2*cos(x3)/(0.5 - x0) + 1.0005049*x2 + 0.57486563*x1**2*x2*cos(2*x3)/x0**2",
    "mse_train": 0.00044046667651904183,
    "mae_train": 0.00931743632270758,
    "r2_train": 0.9997267013004142,
    "mse_test": 0.0003913524145806691,
    "mae_test": 0.00916044868614887,
    "r2_test": 0.9997526255391408,
    "simplified_symbolic_model": "-0.96*omega*v*cos(theta)/(c - 0.5) + 1.0*omega + 0.575*omega*v**2*cos(2*theta)/c**2",
    "simplified_complexity": 28
}