{
    "dataset": "feynman_test_14",
    "algorithm": "RILSROLSRegressor",
    "params": {
        "complexity_penalty": 0.001,
        "error_tolerance": 1e-16,
        "max_fit_calls": 1000000,
        "max_seconds": 7200,
        "random_state": 4426
    },
    "random_state": 4426,
    "process_time": 4645.796875,
    "time_time": 4646.074901342392,
    "target_noise": 0.0,
    "feature_noise": 0.0,
    "true_model": "Ef*(d**3*(alpha - 1)/(r**2*(alpha + 2)) - r)*cos(theta)",
    "model_size": 102,
    "symbolic_model": "-1.03303379*x0*x2*cos(x1) + 0.23322707*x0*x3**2*cos(x1)/((log(x2) + 1/x3)**2 + 1/x4) + 0.60880766*x0*exp(x3)*cos(x1)/((x2/log(x4*sin(x2**(-0.5))) + 0.54717467)*((log(x2) + 1)**2 + 1/x4)) - 0.046238*x3**2*cos(x0 - x1)/((log(x1*x2) + 0.5)**2 + 1/x4)",
    "mse_train": 0.9765332198056098,
    "mae_train": 0.37424758550371373,
    "r2_train": 0.9947462557611634,
    "mse_test": 0.9856523225565055,
    "mae_test": 0.3649547252863183,
    "r2_test": 0.9944903125948684,
    "simplified_symbolic_model": "0.233*Ef*d**2*cos(theta)/((log(r) + 1/d)**2 + 1/alpha) - 1.03*Ef*r*cos(theta) + 0.609*Ef*exp(d)*cos(theta)/((r/log(alpha*sin(r**(-0.5))) + 0.547)*((log(r) + 1)**2 + 1/alpha)) - 0.046*d**2*cos(Ef - theta)/((log(r*theta) + 0.5)**2 + 1/alpha)",
    "simplified_complexity": 88
}